1.23 1234.2 0.01 980 78 52 573 256 846 819 710 251 302 11 638 448 766 201 
46 382 707 286 645 666 461 140 864 715 212 691 187 934 738 74 623 253 273 
331 684 581 359 620 888 215 372 738 759 587 612 18 786 666 569 580 10 283 
828 861 197 921 420 778 19 349 281 33 987 670 589 182 143 597 473 77 123 
518 791 418 413 912 762 976 862 184 386 231 307 708 328 184 33 457 725 337
871 223 568 646 963 63 910 274 205 394,990,83,690,806,359,685,486,584,745,
205,540,298,807,645,493,415,259,725,325,93,434,902,68,534,726,838,841,378,
821,790,597,744,545,198,943,33,414,393,971,521,645,132,728,518,942,192,318,
828,102,279,78,967,22,966,551,228,285,852,141,474,284,826,40,346,799,864,
471,620,907,857,48,364,15,192,857,316,310,995,623,97,1000,302,423,900,99,883,
226,188,925,825,356,282,219,16,664,458,857,127,963 838.630658;817.011664;
410.98919;524.914374;448.60945;419.574701;924.875972;638.274954;802.276325;
589.842574;398.82942;792.432615;607.121732;119.073025;220.531466;334.755124;
871.364478;952.573131;675.698846;553.295967;796.137396;297.001411;460.673995;
109.092191;839.158675;275.173683;715.192583;632.296539;508.707138;616.045332;
950.778216;182.798161;317.331475;111.200603;350.685039;495.860944;681.758127;
515.62335;693.687422;560.503547;81.21852;891.851305;588.198987;91.353238;
901.612108;895.574911;824.278394;570.17874;997.32289;89.291327;410.20629;
22.365877;890.644587;351.320614;290.198916;816.477771;523.630289;150.161271;
623.784626;210.460792;99.360325;127.909896;301.307453;283.340029;648.736172;
154.565715;605.078453;725.553158;730.578471;949.657851;494.413551;596.249344;
9.09972;41.428306;507.531453;849.646453;506.275047;837.985996;704.77441;
200.255437;440.236913;47.383698;140.985118;597.216578;550.304753;249.427565;
54.348295;875.858581;655.900567;469.34152;740.237039;912.693813;924.374237;
610.08939;656.243212;142.549959;781.577214;614.879064;60.170373;40.41119
